1,-0.5056731458541067,0.636293124313764,0.26265876411196415,-1.3373630342645912,-0.7368817430395962,-0.7705591548040055,-0.8660246590901813,-0.3098073291529091,0
1,-0.5056731458541067,-0.63765417912513,-0.003044516759991409,1.9787260093459087,-0.26201445048400424,0.983292090373253,0.5890893568010757,-0.6651949748428783,0
1,1.0305490693988757,0.7342890707321404,1.0597686067278307,0.1931396012479472,3.262000720586442,-0.20556009595495608,-0.977298083834807,0.934049430761983,1
1,-0.5056731458541067,-0.4743276017611692,-0.6407323908526847,1.2134746915896395,0.0462327394205029,0.32412652171602807,-0.700541104341764,-0.6651949748428783,0
1,-1.1201620319552996,-0.6049888636523378,-0.42816976615512026,-1.3373630342645912,-0.7368817430395962,-1.206079262666815,-0.38383981853013743,-0.6651949748428783,0
1,-0.8129175889047032,2.0082363741710343,-0.32188845380633807,0.5757652601260818,0.7626991808201681,0.22996001190785348,-0.4066651364264709,0.48981487364952153,1
1,0.4160601832976827,-0.11500913156045556,0.20951810793757303,-1.3373630342645912,-0.7368817430395962,-0.7705591548040055,-0.7690170580307644,-0.22096041773041683,0
1,0.1088157402470862,-0.049678500614871245,-0.003044516759991409,-1.3373630342645912,-0.7368817430395962,1.4541246394141278,1.236757752109537,-0.576348063420386,0
1,1.337793512449472,-0.049678500614871245,0.10323679558879081,-0.12571511448383163,-0.7368817430395962,-1.0648294979545523,2.868767981697378,1.20059016502946,0
1,0.7233046263482792,-0.5723235481795457,1.0597686067278307,1.1497037484432837,-0.7368817430395962,0.41829303152420355,0.5805298625899507,-0.39865424057540144,0
1,-0.5056731458541067,0.864950332623309,-0.003044516759991409,1.085932805296928,2.2622801046799323,-0.48805962537948083,-0.38098665379309576,-0.3098073291529091,1
1,-0.19842870280351027,1.6489179039703208,-0.32188845380633807,1.0221618621505721,1.1375944117851093,0.2770432668119408,-0.32677652378930394,-0.22096041773041683,1
1,-0.8129175889047032,0.08098276127629737,1.0597686067278307,1.914955066199553,1.095939386122338,2.0662069531672653,-0.41522463063759596,-0.13211350630792454,1
1,-1.1201620319552996,0.17897870769467383,1.3786125437741774,-1.3373630342645912,-0.7368817430395962,-1.1354543803106838,-0.5949740090712218,-1.0205826205328474,0
1,0.7233046263482792,1.1262728564056463,0.42208073263513746,1.2772456347359953,0.4294589755179982,1.642457659030478,0.2866538946746573,-0.48750115199789373,0
1,-0.8129175889047032,1.2242688028240227,0.10323679558879081,0.0018267718088799073,0.6627271192295171,-0.7705591548040055,-0.9915639075200154,-0.7540418862653706,0
1,-0.5056731458541067,-0.63765417912513,-0.21560714145755583,-0.06194417133747586,0.012908718890285916,0.08871024719559069,1.131190656838995,-0.39865424057540144,1
1,-0.19842870280351027,-1.2909604885809731,-3.722890448967369,-1.3373630342645912,-0.7368817430395962,-3.7838874686656045,-0.8460525059308898,-0.9317357091103552,0
1,-0.5056731458541067,-0.40899697081558495,0.20951810793757303,0.5757652601260818,0.09621877021582838,0.17110594327774412,-0.18982461641130316,-0.8428887976878628,0
1,-0.19842870280351027,-0.5723235481795457,0.20951810793757303,-1.3373630342645912,-0.7368817430395962,-0.31149741948915277,-0.9972702369940988,-0.04326659488543223,0
1,2.5667712846518578,0.6689584397865561,0.6346433573327019,1.4047875210287069,1.970694925040534,0.8302715119349691,0.16396781098186522,2.2667531020993676,1
1,-0.19842870280351027,-0.27833570892441634,-0.6407323908526847,0.6395362032724375,-0.3703175172072094,-0.31149741948915277,-0.11564233324821956,-0.9317357091103552,0
1,-0.5056731458541067,-1.1276339112170124,-0.26874779763194695,-1.3373630342645912,-0.7368817430395962,0.8773547668390563,1.3109400352726208,-0.48750115199789373,0
1,0.4160601832976827,-3.904185726404345,0.5283620449839197,0.7033071464187933,-0.7368817430395962,1.0421461590033623,-0.35530817115972074,0.40096796222702924,1
1,1.0305490693988757,1.289599433769607,-0.32188845380633807,-1.3373630342645912,-0.7368817430395962,-0.5586845077356122,-0.5036727374858881,0.6675086964945062,0
1,-0.8129175889047032,-0.9969726493258437,0.3157994202863552,0.8308490327115049,-0.42863455313508914,-0.11139358614678103,-0.7946955406641395,-0.8428887976878628,0
1,-0.5056731458541067,0.01565213033071306,-0.8532950155502491,-1.3373630342645912,-0.7368817430395962,-0.6293093900917431,-0.04431321482217748,-0.48750115199789373,0
1,-1.1201620319552996,-0.049678500614871245,-0.32188845380633807,0.12936865810159145,0.00457771375773167,-3.7838874686656045,3.596324989643007,-1.0205826205328474,0
1,-0.19842870280351027,1.9755710586982422,-0.32188845380633807,0.256910544394303,-0.15371138376079901,0.21818919818183144,-0.5692955264378466,-0.576348063420386,0
1,-0.5056731458541067,-1.062303280271428,-3.722890448967369,0.12936865810159145,-0.7368817430395962,-0.3821223018452841,0.8629931715570769,-0.6651949748428783,0
1,-0.19842870280351027,-0.27833570892441634,1.0597686067278307,-0.572111716508322,-0.08706334270036505,-0.4409763704753935,0.06981337465948968,-0.3098073291529091,0
1,1.337793512449472,2.2368935824805796,0.42208073263513746,-1.3373630342645912,-0.7368817430395962,1.8543323060988712,-0.9516196012014319,0.934049430761983,1
1,-0.8129175889047032,-0.01701318514207909,-0.8532950155502491,-0.5083407733619663,-0.3203314864118839,-1.1589960077627273,-0.7576043990825978,-0.7540418862653706,0
1,-1.1201620319552996,-0.8009807564890907,0.7940653258558752,0.256910544394303,-0.4369655582676434,0.6183968648665749,-0.637771480126847,-0.7540418862653706,1
1,-0.8129175889047032,-0.7356501255435065,-0.21560714145755583,-0.3807988870692547,0.4294589755179982,-1.0530586842285308,0.04698805676315622,-0.9317357091103552,0
1,1.337793512449472,2.498216106262917,0.3157994202863552,0.5119943169797261,1.5957996940755927,0.6301676785925969,0.3836614957340745,2.1779061906768753,1
1,-0.5056731458541067,1.1589381718784384,0.20951810793757303,-0.2532570007765432,0.06289474968561139,-0.6528510175437868,-0.10708283903709451,-0.48750115199789373,1
1,1.337793512449472,0.14631339222188167,0.3157994202863552,0.1931396012479472,4.261721336492951,-0.4056639292973278,0.6176210041714925,1.7336716335644136,1
1,0.4160601832976827,0.5382971778953876,0.7409246696814841,1.2772456347359953,-0.003753291374822577,0.33589733544205014,-0.5264980553822216,0.22327413938204466,1
1,0.1088157402470862,0.08098276127629737,-0.10932582910877363,-1.3373630342645912,-0.7368817430395962,0.33589733544205014,-0.21835626378172,-0.3098073291529091,0
1,-0.19842870280351027,-1.1602992266898045,0.10323679558879081,0.7033071464187933,-0.7368817430395962,0.5948552374145316,-0.5807081853860134,-0.39865424057540144,0
1,2.5667712846518578,-1.1602992266898045,0.10323679558879081,0.6395362032724375,-0.7368817430395962,-0.2879557920371091,-0.4951132432747631,1.20059016502946,1
1,0.4160601832976827,1.2569341182968148,0.7409246696814841,1.2772456347359953,1.0126293347967954,0.8538131393870123,-0.2155030990446783,-0.3098073291529091,1
1,-1.1201620319552996,1.9755710586982422,0.42208073263513746,2.680206383955822,-0.6202476711838368,3.2079758845913866,5.562155493464724,-0.6651949748428783,1
1,1.337793512449472,1.1262728564056463,0.42208073263513746,0.7033071464187933,-0.7368817430395962,0.02985617856548133,-0.07855119166667768,1.1117432536069676,1
1,0.1088157402470862,0.7342890707321404,0.8472059820302663,-1.3373630342645912,-0.7368817430395962,1.3952705707840185,0.4977880852157418,-0.9317357091103552,1
1,-0.5056731458541067,-1.1929645421625965,-0.26874779763194695,0.4482233738333703,-0.187035404291016,0.5477719825104435,0.4521374494230749,-0.7540418862653706,0
1,-0.8129175889047032,-0.24567039345162417,0.10323679558879081,0.5757652601260818,0.7293751602899511,0.26527245308591874,0.16396781098186522,-0.6651949748428783,0
1,-1.1201620319552996,-0.63765417912513,-0.003044516759991409,0.3206814875406587,-0.3203314864118839,-0.15847684105086834,0.360836177837741,-1.0205826205328474,0
1,-1.1201620319552996,-2.0422627444551926,-0.5344510785039025,-1.3373630342645912,-0.7368817430395962,-1.2296208901188588,0.7545729115494929,3.066375304901798,0
1,-0.8129175889047032,-0.4743276017611692,-0.6407323908526847,-1.3373630342645912,-0.7368817430395962,-0.9235797332422899,-0.8089613643493478,-1.0205826205328474,0
1,2.5667712846518578,-0.63765417912513,0.7409246696814841,0.7670780895651491,0.1378737958785996,-0.2526433508590434,0.0498412215001979,1.20059016502946,0
1,-0.5056731458541067,-0.9643073338530516,-0.5344510785039025,-1.3373630342645912,-0.7368817430395962,-1.017746243050465,-0.7975487054011812,-0.6651949748428783,0
1,0.1088157402470862,0.24430933864025814,0.9534872943790486,-0.6358826596546777,0.5544240525063119,0.2770432668119408,0.3636893425747827,-0.39865424057540144,0
1,0.7233046263482792,-0.1476744470332477,-0.5344510785039025,1.1497037484432837,-0.7368817430395962,0.18287675700376615,-0.6434778096009305,0.6675086964945062,1
1,0.1088157402470862,-0.8009807564890907,-0.32188845380633807,-1.3373630342645912,-0.7368817430395962,-0.017227076338605984,-0.8831436475124315,-0.13211350630792454,1
1,0.4160601832976827,0.3423052850586346,0.6346433573327019,-1.3373630342645912,-0.7368817430395962,0.818500698208947,1.3851223184357042,0.40096796222702924,1
1,-1.1201620319552996,1.3875953801879835,0.3157994202863552,2.2338097819313316,0.09621877021582838,2.478185433578031,0.8230488652384933,-0.6651949748428783,1
1,0.1088157402470862,2.073567005116619,-3.722890448967369,-1.3373630342645912,-0.7368817430395962,-0.4409763704753935,-0.737632245923306,0.31212105080453695,1
1,-0.8129175889047032,-0.63765417912513,0.20951810793757303,-0.572111716508322,-0.3536555069421009,-1.4885787920913398,-0.9173816243569317,-0.39865424057540144,0
1,1.337793512449472,1.5509219575519442,1.9100191055180884,1.596100350467774,1.1875804425804348,0.641938492318619,-0.8717309885642648,0.934049430761983,1
1,-0.19842870280351027,-1.1602992266898045,-0.10932582910877363,0.5757652601260818,0.14620480101115385,-0.028997890064628024,0.34371718941549095,-0.6651949748428783,0
1,0.1088157402470862,-0.6703194945979222,-0.10932582910877363,1.085932805296928,-0.7368817430395962,0.07693943346956865,-0.9287942833050984,0.04558031653706006,0
1,-0.5056731458541067,-1.486952381417726,-3.722890448967369,-1.3373630342645912,-0.7368817430395962,-3.7838874686656045,-1.0514803669978907,-0.9317357091103552,0
1,0.1088157402470862,0.864950332623309,0.42208073263513746,-1.3373630342645912,-0.7368817430395962,0.7478758158528156,0.14114249308553176,3.066375304901798,1
1,-0.5056731458541067,0.4729665469498032,-0.003044516759991409,-1.3373630342645912,-0.7368817430395962,-0.3821223018452841,0.20391211730044878,-0.8428887976878628,1
1,0.4160601832976827,-0.3763316553427928,0.10323679558879081,1.4047875210287069,-0.11205635809802778,0.4653762864282909,-0.5921208443341801,0.04558031653706006,0
1,-1.1201620319552996,0.5056318624225954,1.2723312314253952,1.596100350467774,0.47111400118076946,0.995062904099275,-0.532204384856305,-0.576348063420386,0
1,-1.1201620319552996,0.5056318624225954,-0.10932582910877363,1.341016577882351,1.3458695400989655,1.1951667374416464,-0.3010980411559288,-0.7540418862653706,1
1,-0.5056731458541067,-0.8989767029074672,0.3157994202863552,-0.06194417133747586,-0.7368817430395962,-0.935350546968312,3.502170553320631,-0.39865424057540144,0
1,-1.1201620319552996,-0.8663113874346751,-0.5344510785039025,0.256910544394303,0.02957072915539441,-0.4056639292973278,0.17538046993003195,-0.9317357091103552,0
1,0.7233046263482792,-0.40899697081558495,0.9534872943790486,-1.3373630342645912,-0.7368817430395962,0.5477719825104435,0.7317475936531594,-0.13211350630792454,0
1,-0.8129175889047032,-0.3436663398700006,-1.703545514340507,-0.1894860576301874,0.2628388728669133,-1.0648294979545523,-0.18126512220017826,-0.576348063420386,0
1,-0.8129175889047032,-1.062303280271428,-0.10932582910877363,0.8308490327115049,-0.09539434783291928,0.641938492318619,-0.1983841106224282,-0.7540418862653706,0
1,0.1088157402470862,-0.0823438160876634,-0.42816976615512026,-0.572111716508322,-0.7368817430395962,-0.2879557920371091,-0.25830057010030355,-0.22096041773041683,1
1,0.4160601832976827,-0.4743276017611692,0.10323679558879081,0.5119943169797261,1.970694925040534,0.5595427962364655,-0.8888499769865148,-0.39865424057540144,0
1,-0.8129175889047032,0.2769746541130503,0.9534872943790486,1.1497037484432837,0.17952882154137084,0.5124595413323781,1.673291956876914,0.40096796222702924,1
1,-1.1201620319552996,-0.18033976250603986,0.5283620449839197,0.8308490327115049,1.637454719738364,1.4188121982360626,-0.8660246590901813,-0.48750115199789373,0
1,-0.8129175889047032,0.5382971778953876,0.20951810793757303,1.8511841230531971,0.96264330400147,0.6183968648665749,-0.20409044009651156,-0.7540418862653706,0
1,-0.8129175889047032,-0.7683154410162987,2.760269604308346,-1.3373630342645912,-0.7368817430395962,-1.1472251940367058,-0.7518980696085144,-0.48750115199789373,0
1,1.952282398550665,0.17897870769467383,-0.003044516759991409,0.3206814875406587,0.22118384720414208,-0.12316439987280266,-0.7576043990825978,0.7563556079169984,1
1,1.337793512449472,1.0282769099872697,0.42208073263513746,0.7033071464187933,1.0126293347967954,1.2657916197977777,0.12972983413736502,0.31212105080453695,1
1,-0.8129175889047032,-1.5196176968905182,-1.0658576402478135,-0.6996536028010335,-0.7368817430395962,-1.0766003116805742,-0.6349183153898054,-1.0205826205328474,0
1,2.2595268416012613,0.5056318624225954,-3.722890448967369,-1.3373630342645912,-0.7368817430395962,2.3722481100438335,0.30662604783394903,0.6675086964945062,1
1,-0.5056731458541067,-0.3763316553427928,-0.42816976615512026,0.7033071464187933,-0.2703454556165584,-0.8176424097080933,-0.977298083834807,-1.0205826205328474,0
1,1.952282398550665,0.30963996958584245,0.3157994202863552,0.4482233738333703,0.2795008831320218,0.4418346589762468,-0.5436170438044715,0.5786617850720138,0
1,0.7233046263482792,-0.5069929172339613,0.20951810793757303,-0.1894860576301874,0.5627550576388661,-0.26441416458506545,0.7174817699679511,0.7563556079169984,1
1,-0.8129175889047032,1.5509219575519442,0.20951810793757303,-0.2532570007765432,0.4627829960482152,-1.029517056776487,-0.06713853271851095,0.04558031653706006,1
1,-0.8129175889047032,1.0282769099872697,-0.5344510785039025,-1.3373630342645912,-0.7368817430395962,-0.7117050861738962,-0.8317866822456813,-0.9317357091103552,0
1,-1.1201620319552996,0.3749706005314267,0.9534872943790486,-1.3373630342645912,-0.7368817430395962,-0.0643103312426933,0.7773982294458264,-0.04326659488543223,1
1,-1.1201620319552996,-0.213005077978832,0.3157994202863552,-1.3373630342645912,-0.7368817430395962,0.135793502099678,-0.5493233732785548,-0.8428887976878628,1
1,-1.1201620319552996,-0.7029848100707143,0.6346433573327019,-0.3807988870692547,-0.03707731190503956,-0.8176424097080933,-0.4894069138006797,-0.9317357091103552,0
1,-1.1201620319552996,-0.6049888636523378,-0.32188845380633807,-0.2532570007765432,-0.7368817430395962,-1.3120165862010118,-0.6235056564416387,-1.0205826205328474,0
1,-1.1201620319552996,0.5709624933681797,-0.10932582910877363,-0.4445698302156105,0.4961070165784322,-0.8647256646121806,-0.9345006127791817,-1.0205826205328474,0
1,-0.5056731458541067,-1.5849483278361025,-0.003044516759991409,0.3844524306870145,-0.7368817430395962,-0.48805962537948083,0.3294513657302825,-0.9317357091103552,0
1,-1.1201620319552996,0.30963996958584245,2.122581730215653,1.596100350467774,0.34614892419245574,4.11432854149507,-0.43234361905984603,-0.576348063420386,1
1,-0.8129175889047032,-1.2909604885809731,0.20951810793757303,-0.6358826596546777,-0.23702143508634146,-0.2526433508590434,0.16111464624482352,-0.9317357091103552,0
1,-0.8129175889047032,-0.9969726493258437,-0.21560714145755583,0.12936865810159145,0.0462327394205029,-0.47628881165345877,-0.8660246590901813,-1.0205826205328474,0
1,1.6450379555000685,1.1916034873512307,0.8472059820302663,0.4482233738333703,0.5544240525063119,0.2535016393598967,2.049909702166416,0.8452025193394908,1
1,0.4160601832976827,1.5835872730247365,-0.32188845380633807,-1.3373630342645912,-0.7368817430395962,0.08871024719559069,-0.9573259306755152,0.7563556079169984,1
1,-0.19842870280351027,0.11364807674908953,1.591175168471742,0.8946199758578607,1.262559488773423,2.960788796344927,1.1682817984205367,-0.9317357091103552,0
1,1.0305490693988757,0.9956115945144777,0.42208073263513746,0.5119943169797261,0.3128249036622388,0.3594389628940942,0.6318868278567006,1.9113654564093983,1
1,1.952282398550665,1.5835872730247365,0.20951810793757303,-1.3373630342645912,-0.7368817430395962,0.6890217472227063,0.18964629361524035,0.13442722795955236,1
1,-0.8129175889047032,1.7142485349159051,-0.10932582910877363,1.7874131799068413,4.086770228709312,1.2069375511676683,0.6604184752271174,-0.39865424057540144,1
1,1.952282398550665,0.08098276127629737,-0.10932582910877363,-1.3373630342645912,-0.7368817430395962,-0.11139358614678103,-0.6063866680193886,0.7563556079169984,0
1,1.6450379555000685,-0.9316420183802594,-0.10932582910877363,-1.3373630342645912,-0.7368817430395962,-0.935350546968312,-0.771870222767806,2.2667531020993676,0
1,2.8740157277024543,1.060942225460062,1.0597686067278307,0.7670780895651491,-0.4952825941955231,-0.6293093900917431,0.7431602526013262,0.934049430761983,1
1,1.337793512449472,-0.6703194945979222,0.7409246696814841,-1.3373630342645912,-0.7368817430395962,0.38298059034613746,-0.2354752522039701,1.555977810719429,0
1,-0.5056731458541067,-0.8336460719618829,-0.10932582910877363,-0.1894860576301874,-0.10372535296547353,-0.7234758998999182,0.25812224730424077,-1.0205826205328474,0
1,-0.5056731458541067,-0.4743276017611692,0.26265876411196415,-1.3373630342645912,-0.7368817430395962,-1.0412878705025086,0.25526908256719905,1.822518544986906,0
1,1.6450379555000685,-0.24567039345162417,0.6346433573327019,0.7033071464187933,0.7210441551573968,0.2417308256338755,-0.6006803385453052,0.31212105080453695,1
1,-1.1201620319552996,-0.40899697081558495,-0.5344510785039025,0.256910544394303,-0.7368817430395962,-0.676392644995831,-0.9630322601495986,-0.8428887976878628,0
1,1.0305490693988757,-0.8336460719618829,-0.32188845380633807,0.256910544394303,-0.0787323375678108,0.135793502099678,0.763132405760618,0.7563556079169984,0
1,0.1088157402470862,1.2569341182968148,0.42208073263513746,-1.3373630342645912,-0.7368817430395962,0.08871024719559069,0.9485881136683274,-0.13211350630792454,1
1,1.337793512449472,0.17897870769467383,1.3786125437741774,-1.3373630342645912,-0.7368817430395962,-3.7838874686656045,-0.6805689511824722,1.9113654564093983,1
1,-0.19842870280351027,1.7795791658614895,-0.6407323908526847,0.06559771495523567,0.8793332526759275,0.08871024719559069,0.3494235188895743,0.31212105080453695,1
1,-0.8129175889047032,0.7996197016777248,0.6346433573327019,1.596100350467774,0.7626991808201681,1.642457659030478,-0.3866929832671791,1.20059016502946,1
1,0.7233046263482792,-0.5396582327067535,0.10323679558879081,0.7033071464187933,0.8460092321457106,0.653709306044641,-0.41807779537463763,2.0002123678318906,0
1,1.337793512449472,-0.9316420183802594,0.6346433573327019,-1.3373630342645912,-0.7368817430395962,0.40652221779818154,0.3323045304673242,3.1552222163242902,0
1,-0.5056731458541067,-1.2582951731081808,-0.5344510785039025,0.06559771495523567,-0.7368817430395962,-0.5233720665575465,-0.5150853964340548,-0.6651949748428783,0
1,-0.5056731458541067,-1.2256298576353888,-0.9595763278990314,0.06559771495523567,0.22118384720414208,-0.42920555674937144,3.5050237180576733,-0.6651949748428783,0
1,-0.5056731458541067,-0.6703194945979222,-0.9595763278990314,-0.3807988870692547,0.0462327394205029,-0.8882672920642243,0.47496276731940834,-1.0205826205328474,0
1,2.2595268416012613,0.6036278088409718,0.20951810793757303,0.3206814875406587,0.4627829960482152,0.4653762864282909,0.246709588356074,1.555977810719429,1
1,-1.1201620319552996,1.3875953801879835,0.3157994202863552,0.9583909190042164,-0.7368817430395962,2.0544361394412434,-0.3039512058929705,-0.576348063420386,1
1,0.1088157402470862,0.4729665469498032,0.10323679558879081,-1.3373630342645912,-0.7368817430395962,-0.9824338018723993,-0.5521765380155966,2.444446924944352,1
1,0.1088157402470862,0.2769746541130503,-0.003044516759991409,-1.3373630342645912,-0.7368817430395962,0.2535016393598967,-0.47799425485251296,-0.7540418862653706,0
1,0.1088157402470862,-0.6703194945979222,0.10323679558879081,-0.2532570007765432,-0.7368817430395962,-0.7705591548040055,-0.5036727374858881,-0.39865424057540144,0
1,1.6450379555000685,1.060942225460062,0.42208073263513746,0.8308490327115049,0.6877201346271798,0.2417308256338755,1.2053729400020785,0.04558031653706006,1
