1,0.7233046263482792,-0.5723235481795457,0.6346433573327019,-1.3373630342645912,-0.7368817430395962,-0.15847684105086834,-0.8289335175086396,0.31212105080453695,1
1,-0.8129175889047032,-0.8009807564890907,0.6346433573327019,0.256910544394303,0.7626991808201681,0.33589733544205014,-0.6777157864454305,0.934049430761983,1
1,-0.8129175889047032,0.3423052850586346,-0.5344510785039025,0.12936865810159145,0.6793891294946256,-0.41743474302334943,0.6318868278567006,-1.0205826205328474,0
1,-0.5056731458541067,0.08098276127629737,-0.003044516759991409,0.3844524306870145,-0.7368817430395962,0.5477719825104435,-0.3724271595819707,-0.48750115199789373,0
1,1.6450379555000685,0.832285017150517,0.9534872943790486,0.8308490327115049,0.6377341038318544,-0.2173309096809777,0.8572868420829935,1.822518544986906,1
1,0.1088157402470862,-0.5396582327067535,-0.5344510785039025,0.7670780895651491,0.862671242410819,-0.9588921744203557,1.4136539658061211,0.04558031653706006,0
1,0.4160601832976827,-0.1476744470332477,1.4848938561229597,-1.3373630342645912,-0.7368817430395962,2.442872992399965,-0.746191740134431,-0.39865424057540144,1
1,0.7233046263482792,-0.5396582327067535,-0.21560714145755583,-1.3373630342645912,-0.7368817430395962,-0.9235797332422899,-0.6320651506527637,-0.3098073291529091,0
1,1.6450379555000685,1.6489179039703208,0.20951810793757303,0.6395362032724375,-0.7368817430395962,1.3952705707840185,-0.19267778114834483,0.934049430761983,1
1,0.4160601832976827,0.2769746541130503,0.5283620449839197,-1.3373630342645912,-0.7368817430395962,0.2888140805379628,-0.9316474480421401,1.1117432536069676,0
1,-1.1201620319552996,0.17897870769467383,-0.10932582910877363,-1.3373630342645912,-0.7368817430395962,-0.8764964783382027,-0.754751234345556,-1.0205826205328474,0
1,0.7233046263482792,-0.4743276017611692,-0.003044516759991409,0.7033071464187933,-0.1703733940259075,-0.15847684105086834,-0.9944170722570571,0.40096796222702924,0
1,-0.5056731458541067,-2.0749280599279847,-0.7470137032014669,0.4482233738333703,-0.36198651207465515,-0.935350546968312,-0.39525247747830417,-0.9317357091103552,0
1,0.1088157402470862,-0.27833570892441634,0.10323679558879081,1.6598712936141298,0.9876363193991328,0.5830844236885095,2.6233958143117935,2.089059279254383,1
1,-1.1201620319552996,0.11364807674908953,0.9534872943790486,1.0221618621505721,-0.7368817430395962,0.3594389628940942,-0.780429716978931,-0.3098073291529091,0
1,0.1088157402470862,1.7469138503886972,-0.003044516759991409,-0.4445698302156105,0.6627271192295171,-0.2879557920371091,-0.31251070010409554,0.04558031653706006,1
1,-1.1201620319552996,2.2695588979533716,1.8037377931693062,0.256910544394303,-0.7368817430395962,0.2535016393598967,-0.10137650956301114,0.7563556079169984,1
1,-0.8129175889047032,-0.8989767029074672,-0.42816976615512026,0.256910544394303,-0.39531053260487214,-1.4885787920913398,0.032722233077947804,-0.6651949748428783,0
1,0.7233046263482792,0.30963996958584245,1.0597686067278307,-0.8909664322401009,1.9790259301730881,-1.4768079783653179,0.31803870678211577,2.444446924944352,0
1,1.337793512449472,0.01565213033071306,-3.722890448967369,-1.3373630342645912,-0.7368817430395962,-0.2526433508590434,-0.8203740232975146,0.48981487364952153,1
1,2.2595268416012613,-0.27833570892441634,0.7409246696814841,1.2134746915896395,-0.7368817430395962,1.7248533551126306,1.2966742115874124,1.1117432536069676,1
1,-0.5056731458541067,-0.9643073338530516,-0.10932582910877363,1.341016577882351,-0.7368817430395962,0.7125633746747503,0.09263869255582315,-0.48750115199789373,1
1,0.7233046263482792,-0.7029848100707143,-0.6407323908526847,0.7670780895651491,0.8460092321457106,0.21818919818183144,-0.11564233324821956,0.934049430761983,0
1,-1.1201620319552996,1.48559132660636,0.3157994202863552,1.4047875210287069,1.3875245657617366,1.8543323060988712,-0.6035335032823469,-0.576348063420386,0
1,-1.1201620319552996,0.11364807674908953,0.10323679558879081,-1.3373630342645912,-0.7368817430395962,0.4889179138803341,-0.6063866680193886,1.7336716335644136,1
1,0.4160601832976827,-0.5069929172339613,0.20951810793757303,-1.3373630342645912,-0.7368817430395962,-0.39389311557130574,-0.9059689654087649,1.3782839878744444,0
1,2.8740157277024543,1.093607540932854,0.9534872943790486,1.0221618621505721,0.4294589755179982,0.995062904099275,2.0071122311107907,0.5786617850720138,0
1,-0.8129175889047032,-0.049678500614871245,-0.6407323908526847,0.9583909190042164,0.0462327394205029,0.135793502099678,-0.5978271738082636,-0.8428887976878628,0
1,-0.19842870280351027,1.2569341182968148,-0.003044516759991409,0.5757652601260818,1.9956879404381966,0.3947514040721595,-0.36101450063380414,0.22327413938204466,1
1,0.1088157402470862,0.7016237552593483,0.20951810793757303,-1.3373630342645912,-0.7368817430395962,-0.5351428802835682,-0.6463309743379722,0.6675086964945062,0
1,-0.5056731458541067,-0.24567039345162417,0.8472059820302663,1.341016577882351,0.5960790781690831,0.7361050021267935,-0.6406246448638887,-0.39865424057540144,0
1,0.1088157402470862,-0.8989767029074672,0.5283620449839197,-1.3373630342645912,-0.7368817430395962,1.183395923715625,-0.666303127497264,-0.3098073291529091,0
1,0.1088157402470862,-0.31100102439720845,1.166049919076613,-1.3373630342645912,-0.7368817430395962,0.641938492318619,-0.7975487054011812,-0.22096041773041683,0
1,1.6450379555000685,0.6689584397865561,1.2723312314253952,-1.3373630342645912,-0.7368817430395962,0.06516861974354744,0.7517197468124512,1.1117432536069676,1
1,-0.8129175889047032,-1.5849483278361025,0.42208073263513746,1.8511841230531971,-0.36198651207465515,0.12402268837365679,-0.138467651144553,-1.0205826205328474,0
1,-0.5056731458541067,-1.4542870659449338,-0.32188845380633807,0.1931396012479472,-0.2786764607491127,-0.2879557920371091,-0.28683221747072035,0.04558031653706006,0
1,-0.19842870280351027,0.14631339222188167,0.5283620449839197,0.7670780895651491,0.34614892419245574,0.12402268837365679,-0.4722879253784296,-0.576348063420386,0
1,0.7233046263482792,1.5182566420791521,0.20951810793757303,-1.3373630342645912,-0.7368817430395962,-0.6528510175437868,-0.4751410901154713,2.977528393479306,0
1,1.6450379555000685,1.4529260111335678,0.42208073263513746,-1.3373630342645912,-0.7368817430395962,0.07693943346956865,-0.9202347890939734,1.1117432536069676,1
1,-0.19842870280351027,1.7469138503886972,0.6346433573327019,1.7236422367604856,3.137035643598128,0.7361050021267935,4.754709872881929,-0.6651949748428783,1
1,0.7233046263482792,-0.7683154410162987,-3.722890448967369,-1.3373630342645912,-0.7368817430395962,-0.9942046155984213,-0.8004018701382228,-0.39865424057540144,0
1,-0.5056731458541067,-0.6049888636523378,-0.6407323908526847,0.8946199758578607,0.012908718890285916,-1.2178500763928366,-0.9002626359346816,-0.9317357091103552,0
1,1.6450379555000685,0.14631339222188167,-0.003044516759991409,0.7670780895651491,2.6121823202472108,0.38298059034613746,-0.5379107143303883,0.13442722795955236,0
1,-0.8129175889047032,-1.3236258040537652,-0.5344510785039025,1.341016577882351,-0.3369934966769924,1.3364165021539092,0.5919425215381173,-0.8428887976878628,0
1,-0.8129175889047032,2.498216106262917,0.3157994202863552,0.9583909190042164,1.3375385349664113,0.5124595413323781,1.1540159747353282,-0.3098073291529091,1
1,-0.8129175889047032,-0.6049888636523378,-1.0658576402478135,-0.3807988870692547,-0.4369655582676434,-0.935350546968312,0.15826148150778185,-0.576348063420386,0
1,-1.1201620319552996,-0.0823438160876634,-0.21560714145755583,0.6395362032724375,0.8293472218806021,-0.15847684105086834,0.06410704518540632,-0.9317357091103552,0
1,1.952282398550665,0.636293124313764,0.5283620449839197,-1.3373630342645912,-0.7368817430395962,-0.5939969489136775,2.7689072159009194,2.1779061906768753,0
1,-0.5056731458541067,-1.0296379647986358,-0.6407323908526847,0.3206814875406587,-0.6035856609187283,-0.4409763704753935,0.8430210183977851,-0.9317357091103552,0
1,0.1088157402470862,0.3749706005314267,-0.10932582910877363,0.0018267718088799073,0.6460651089644086,0.11225187464763475,-0.8859968122494731,-0.39865424057540144,0
1,1.0305490693988757,-0.18033976250603986,0.3157994202863552,-0.2532570007765432,0.17952882154137084,-0.9824338018723993,-0.012928402714718968,-0.13211350630792454,0
1,0.4160601832976827,-0.44166228628837706,0.6346433573327019,0.5757652601260818,-0.7368817430395962,0.8655839531130343,-0.5264980553822216,0.48981487364952153,0
1,1.6450379555000685,-1.5522830123633102,0.42208073263513746,0.256910544394303,-0.7368817430395962,-0.0643103312426933,-0.5436170438044715,0.48981487364952153,0
1,0.4160601832976827,-0.3436663398700006,0.26265876411196415,0.3206814875406587,-0.7368817430395962,0.45360547270226886,0.2153247762486155,2.444446924944352,0
1,1.952282398550665,0.30963996958584245,-0.42816976615512026,0.9583909190042164,-0.7368817430395962,1.0656877864554064,-0.08425752114076104,0.48981487364952153,1
1,1.337793512449472,-0.3763316553427928,-0.003044516759991409,-1.3373630342645912,-0.7368817430395962,-0.19378928222893405,1.3822691536986627,0.04558031653706006,1
1,-1.1201620319552996,0.4729665469498032,-0.6407323908526847,-0.06194417133747586,1.6874407505336895,-0.676392644995831,-0.3381891827374707,-1.0205826205328474,0
1,-0.19842870280351027,-1.486952381417726,-0.10932582910877363,0.4482233738333703,-0.36198651207465515,-0.2879557920371091,-0.5065259022229298,-0.8428887976878628,0
1,-0.19842870280351027,-1.3562911195265575,-0.003044516759991409,-1.3373630342645912,-0.7368817430395962,0.04162699229150337,-0.5721486911748883,0.5786617850720138,0
1,0.7233046263482792,-0.8989767029074672,1.166049919076613,-1.3373630342645912,-0.7368817430395962,-1.4414955371872524,-0.8061081996123062,-0.39865424057540144,0
1,0.7233046263482792,0.5709624933681797,-0.4813104223295114,-1.3373630342645912,-0.7368817430395962,-0.935350546968312,-0.9116752948828483,2.0002123678318906,0
1,-1.1201620319552996,-0.5723235481795457,0.42208073263513746,1.2134746915896395,0.012908718890285916,0.2770432668119408,-0.6634499627602222,-0.7540418862653706,0
1,-0.19842870280351027,-0.27833570892441634,-0.42816976615512026,-1.3373630342645912,-0.7368817430395962,-1.1236835665846616,-0.9373537775162235,-1.0205826205328474,0
1,-0.8129175889047032,-1.5849483278361025,-1.1721389525965957,-0.1894860576301874,-0.10372535296547353,-1.382641468557143,-0.4209309601116793,-0.9317357091103552,0
1,-0.5056731458541067,0.2769746541130503,0.42208073263513746,1.0221618621505721,0.7793611910852766,1.312874874701865,2.149770467962875,-0.13211350630792454,1
1,-0.8129175889047032,-1.3236258040537652,0.5283620449839197,0.256910544394303,-0.42863455313508914,-0.7941007822560496,0.3208918715191575,-0.9317357091103552,0
1,-1.1201620319552996,-1.7156095897272712,0.3157994202863552,-1.3373630342645912,-0.7368817430395962,1.5482911492223024,-0.788989211190056,1.20059016502946,0
1,-0.8129175889047032,-1.0296379647986358,-2.1286707637356357,1.341016577882351,0.08788776508327413,2.690060080646424,0.07266653939653137,-0.576348063420386,1
1,1.6450379555000685,-2.0422627444551926,0.5283620449839197,1.0221618621505721,-0.7368817430395962,0.07693943346956865,-1.068599355420141,0.7563556079169984,0
1,-1.1201620319552996,-0.213005077978832,0.5283620449839197,-0.3170279439228989,-0.7368817430395962,-0.13493521359882468,1.1511628099982867,-1.0205826205328474,0
1,-1.1201620319552996,-0.3763316553427928,-0.10932582910877363,-0.06194417133747586,-0.7368817430395962,-0.5704553214616338,0.9029374778756605,-0.04326659488543223,0
1,0.1088157402470862,-1.1276339112170124,-0.6407323908526847,0.06559771495523567,-0.32866249154443816,-0.5116012528315245,-0.46943476064138795,-0.39865424057540144,0
1,2.5667712846518578,1.0282769099872697,-0.003044516759991409,1.2134746915896395,1.5208206478826045,1.136312668811537,0.7745450647087847,0.48981487364952153,1
1,-1.1201620319552996,-0.63765417912513,0.9534872943790486,2.4888935545167548,0.17952882154137084,1.7248533551126306,1.4022413068579545,-0.13211350630792454,0
1,-0.8129175889047032,-0.5396582327067535,-2.1286707637356357,1.085932805296928,-0.04540831703759381,1.312874874701865,-0.8203740232975146,0.04558031653706006,0
1,1.952282398550665,-0.1476744470332477,-3.722890448967369,-1.3373630342645912,-0.7368817430395962,0.3712097766201154,-0.960179095412557,-0.3098073291529091,0
1,-0.5056731458541067,0.08098276127629737,-0.9595763278990314,1.4047875210287069,0.5794170679039746,0.47714710015431294,0.985679255249869,-0.39865424057540144,0
1,-0.8129175889047032,-0.6703194945979222,-0.6407323908526847,-0.6996536028010335,-0.7368817430395962,-0.7941007822560496,0.2295905999338239,-1.0205826205328474,0
1,1.337793512449472,-1.7809402206728553,0.10323679558879081,0.12936865810159145,-0.7368817430395962,-0.017227076338605984,0.3693956720488661,0.8452025193394908,0
1,0.7233046263482792,-1.2909604885809731,-0.21560714145755583,0.5757652601260818,-0.7368817430395962,-0.6999342724478745,-0.44946260748209615,0.7563556079169984,0
1,1.337793512449472,-0.4743276017611692,1.591175168471742,0.9583909190042164,-0.7368817430395962,1.312874874701865,-0.6605967980231805,1.1117432536069676,1
1,0.1088157402470862,-0.1476744470332477,0.10323679558879081,-1.3373630342645912,-0.7368817430395962,-0.3821223018452841,-0.2697132290484703,1.20059016502946,1
1,-0.5056731458541067,0.01565213033071306,0.3157994202863552,1.0221618621505721,0.1378737958785996,0.8891255805650784,-0.7290727517121809,-0.3098073291529091,0
1,0.7233046263482792,-0.0823438160876634,1.3786125437741774,-1.3373630342645912,-0.7368817430395962,-0.4056639292973278,-0.8945563064605982,-0.22096041773041683,0
1,-0.19842870280351027,-0.24567039345162417,0.20951810793757303,0.5757652601260818,-0.7368817430395962,-0.0643103312426933,-0.780429716978931,-0.6651949748428783,1
1,1.0305490693988757,1.289599433769607,-0.21560714145755583,-1.3373630342645912,-0.7368817430395962,-0.20556009595495608,-0.2497410758891785,0.31212105080453695,1
1,1.0305490693988757,-1.1929645421625965,0.42208073263513746,0.3206814875406587,-0.14538037862824477,-0.3350390469411964,0.8458741831348268,0.31212105080453695,0
1,1.0305490693988757,-0.18033976250603986,-0.32188845380633807,-1.3373630342645912,-0.7368817430395962,-0.5586845077356122,0.7460134173383679,0.13442722795955236,1
1,0.4160601832976827,0.636293124313764,0.5283620449839197,0.8946199758578607,0.5960790781690831,-0.0643103312426933,-0.31251070010409554,-0.6651949748428783,1
1,-1.1201620319552996,1.9755710586982422,-0.21560714145755583,1.1497037484432837,-0.7368817430395962,1.1598542962635812,4.058537677043759,-0.6651949748428783,1
1,0.1088157402470862,0.11364807674908953,0.5283620449839197,-0.3807988870692547,0.7293751602899511,-0.017227076338605984,-0.07855119166667768,0.13442722795955236,0
1,-0.5056731458541067,-1.1602992266898045,-3.722890448967369,-1.3373630342645912,-0.7368817430395962,-3.7838874686656045,-0.4751410901154713,-1.0205826205328474,0
1,1.0305490693988757,-0.3436663398700006,0.5283620449839197,0.6395362032724375,-0.7368817430395962,0.4418346589762468,1.8730134884698317,0.934049430761983,1
1,-1.1201620319552996,-0.4743276017611692,-0.32188845380633807,1.2772456347359953,0.4461209857831067,1.1010002276334718,-0.8489056706679314,-0.9317357091103552,0
1,-0.8129175889047032,0.01565213033071306,0.5283620449839197,1.7236422367604856,0.929319283471253,0.794959070756903,1.9728742542662903,0.7563556079169984,0
1,-1.1201620319552996,0.01565213033071306,0.20951810793757303,-0.1894860576301874,-0.21202841968867872,-0.19378928222893405,-0.5293512201192633,-0.576348063420386,0
1,0.1088157402470862,0.864950332623309,1.166049919076613,-1.3373630342645912,-0.7368817430395962,-0.11139358614678103,0.19535262308932372,2.5332938363668442,1
1,-0.5056731458541067,-0.24567039345162417,-0.21560714145755583,0.06559771495523567,-0.7368817430395962,-0.8411840371601369,-0.4665815959043462,-0.7540418862653706,0
1,-0.8129175889047032,-0.9316420183802594,-0.32188845380633807,0.1931396012479472,-0.7368817430395962,-0.3468098606672185,-0.7946955406641395,-1.0205826205328474,0
1,0.1088157402470862,0.4076359160042189,0.8472059820302663,0.6395362032724375,-0.7368817430395962,-0.48805962537948083,-0.14702714535567807,2.710987659211829,0
1,0.4160601832976827,-0.6703194945979222,0.20951810793757303,0.3844524306870145,-0.7368817430395962,-0.3703514881192621,-0.7633107285566809,-0.04326659488543223,0
1,1.337793512449472,2.4328854753173323,0.5283620449839197,-1.3373630342645912,-0.7368817430395962,-0.7117050861738962,0.2295905999338239,3.066375304901798,0
1,-1.1201620319552996,-1.5196176968905182,-3.722890448967369,-1.3373630342645912,-0.7368817430395962,-1.3002457724749896,-0.36672083010788736,-0.6651949748428783,0
1,0.4160601832976827,-1.3889564349993495,0.6346433573327019,1.2772456347359953,-0.3869795274723179,0.4300638452502248,-0.8974094711976399,0.22327413938204466,0
1,-0.8129175889047032,0.3423052850586346,-0.003044516759991409,-0.5083407733619663,0.1378737958785996,-0.7352467136259403,0.0041905857075309715,-0.9317357091103552,0
1,2.5667712846518578,-0.8989767029074672,-0.42816976615512026,-0.8909664322401009,1.4125175811593993,-0.5351428802835682,1.2995273763244541,1.0228963421844752,1
1,-0.8129175889047032,-0.9316420183802594,-0.8532950155502491,0.256910544394303,0.09621877021582838,-0.8176424097080933,-0.6748626217083888,-0.8428887976878628,0
1,-0.19842870280351027,-0.9643073338530516,0.42208073263513746,-1.3373630342645912,-0.7368817430395962,1.2422499923457344,0.2524159178301574,-1.0205826205328474,0
1,-0.5056731458541067,-0.049678500614871245,0.5283620449839197,-1.3373630342645912,-0.7368817430395962,1.2657916197977777,0.6347399925937423,-1.0205826205328474,1
1,-0.8129175889047032,-0.24567039345162417,0.5283620449839197,1.5323294073214184,0.36281093445756424,0.31235570799000606,-0.7233664222380976,-0.7540418862653706,0
1,-0.5056731458541067,0.864950332623309,0.3157994202863552,0.8946199758578607,0.8793332526759275,0.7125633746747503,-0.4038119716894292,-0.3098073291529091,0
1,1.0305490693988757,-0.63765417912513,-3.722890448967369,-1.3373630342645912,-0.7368817430395962,-0.2526433508590434,0.03842856255203117,-0.04326659488543223,1
1,1.0305490693988757,2.2042282670077875,-0.10932582910877363,1.1497037484432837,1.7957438172568947,0.653709306044641,-0.6177993269675552,0.7563556079169984,1
1,-1.1201620319552996,-0.44166228628837706,-0.003044516759991409,1.0221618621505721,0.4961070165784322,0.8538131393870123,0.3836614957340745,-0.9317357091103552,0
1,-0.8129175889047032,-0.11500913156045556,0.42208073263513746,0.5119943169797261,0.7626991808201681,0.4653762864282909,0.07266653939653137,-0.6651949748428783,0
1,-1.1201620319552996,-0.5723235481795457,0.26265876411196415,0.12936865810159145,-0.7368817430395962,-3.7838874686656045,0.28950705941169896,-1.0205826205328474,0
1,1.6450379555000685,0.3423052850586346,-0.003044516759991409,-1.3373630342645912,-0.7368817430395962,0.2417308256338755,0.5177602383750336,1.1117432536069676,1
1,-0.8129175889047032,-0.63765417912513,-0.21560714145755583,-0.3807988870692547,-0.2703454556165584,-1.005975429324443,0.5577045446936172,-0.576348063420386,0
1,0.7233046263482792,0.7996197016777248,0.10323679558879081,0.3844524306870145,1.162587427182772,0.2064183844558094,-0.6149461622305136,0.6675086964945062,0
1,-0.8129175889047032,0.2769746541130503,0.6346433573327019,-0.2532570007765432,0.7876921962178308,-0.5469136940095901,-1.014389225416349,-0.9317357091103552,0
1,1.337793512449472,2.0082363741710343,-0.10932582910877363,0.9583909190042164,3.3869657975747556,-0.24087253713302137,0.41219314310449134,2.444446924944352,1
1,-1.1201620319552996,0.5709624933681797,0.7409246696814841,0.3844524306870145,-0.7368817430395962,-0.5704553214616338,-0.683422115919514,2.3556000135218595,0
1,-1.1201620319552996,-0.01701318514207909,-3.722890448967369,-1.3373630342645912,-0.7368817430395962,0.02985617856548133,-0.9402069422532652,-0.7540418862653706,1
1,-0.8129175889047032,-3.904185726404345,-0.10932582910877363,0.8946199758578607,-0.7368817430395962,-0.017227076338605984,-0.2326220874669284,-0.9317357091103552,0
1,-0.5056731458541067,1.1589381718784384,-0.9595763278990314,0.3844524306870145,3.761861028539697,0.7714174433048597,-0.6577436332861388,-0.6651949748428783,1
1,0.1088157402470862,-0.0823438160876634,-0.32188845380633807,0.3844524306870145,0.2628388728669133,0.12402268837365679,-0.6862752806565556,-0.7540418862653706,0
1,-0.8129175889047032,-0.40899697081558495,-1.0658576402478135,-0.12571511448383163,-0.7368817430395962,-0.45274718420141513,-0.826080352771598,-0.3098073291529091,0
1,-1.1201620319552996,-0.8663113874346751,1.591175168471742,1.1497037484432837,-0.13704937349569052,1.324645688427887,1.5705780263434133,0.22327413938204466,0
