Number of pregnancy,Glucose concentration,Blood pressure,Triceps skin thickness,2-Hour serum insulin,Body mass index,Diabetes pedigree,Age,Has diabetes
1,109,38,18,120,23.1,0.407,26,0
1,108,88,19,0,27.1,0.400,24,0
6,96,0,0,0,23.7,0.190,28,0
1,124,74,36,0,27.8,0.100,30,0
7,150,78,29,126,35.2,0.692,54,1
4,183,0,0,0,28.4,0.212,36,1
1,124,60,32,0,35.8,0.514,21,0
1,181,78,42,293,40.0,1.258,22,1
1,92,62,25,41,19.5,0.482,25,0
0,152,82,39,272,41.5,0.270,27,0
1,111,62,13,182,24.0,0.138,23,0
3,106,54,21,158,30.9,0.292,24,0
3,174,58,22,194,32.9,0.593,36,1
7,168,88,42,321,38.2,0.787,40,1
6,105,80,28,0,32.5,0.878,26,0
11,138,74,26,144,36.1,0.557,50,1
3,106,72,0,0,25.8,0.207,27,0
6,117,96,0,0,28.7,0.157,30,0
2,68,62,13,15,20.1,0.257,23,0
9,112,82,24,0,28.2,1.282,50,1
0,119,0,0,0,32.4,0.141,24,1
2,112,86,42,160,38.4,0.246,28,0
2,92,76,20,0,24.2,1.698,28,0
6,183,94,0,0,40.8,1.461,45,0
0,94,70,27,115,43.5,0.347,21,0
2,108,64,0,0,30.8,0.158,21,0
4,90,88,47,54,37.7,0.362,29,0
0,125,68,0,0,24.7,0.206,21,0
0,132,78,0,0,32.4,0.393,21,0
5,128,80,0,0,34.6,0.144,45,0
4,94,65,22,0,24.7,0.148,21,0
7,114,64,0,0,27.4,0.732,34,1
0,102,78,40,90,34.5,0.238,24,0
2,111,60,0,0,26.2,0.343,23,0
1,128,82,17,183,27.5,0.115,22,0
10,92,62,0,0,25.9,0.167,31,0
13,104,72,0,0,31.2,0.465,38,1
5,104,74,0,0,28.8,0.153,48,0
2,94,76,18,66,31.6,0.649,23,0
7,97,76,32,91,40.9,0.871,32,1
1,100,74,12,46,19.5,0.149,28,0
0,102,86,17,105,29.3,0.695,27,0
4,128,70,0,0,34.3,0.303,24,0
6,147,80,0,0,29.5,0.178,50,1
4,90,0,0,0,28.0,0.610,31,0
3,103,72,30,152,27.6,0.730,27,0
2,157,74,35,440,39.4,0.134,30,0
1,167,74,17,144,23.4,0.447,33,1
0,179,50,36,159,37.8,0.455,22,1
