1,1.337793512449472,1.1589381718784384,-0.42816976615512026,0.3206814875406587,3.3869657975747556,0.21818919818183144,0.20676528203749045,1.20059016502946,1
1,0.4160601832976827,0.21164402316746597,0.42208073263513746,0.3844524306870145,-0.5535996301234029,-0.2997266057631307,-0.08996385061484441,0.6675086964945062,0
1,-0.8129175889047032,0.7669543862049326,0.7409246696814841,0.12936865810159145,1.8457298480522202,1.2069375511676683,1.7275020868807063,-0.9317357091103552,0
1,1.952282398550665,-1.682944274254479,1.9100191055180884,0.12936865810159145,-0.32866249154443816,0.3947514040721595,-0.5293512201192633,1.2894370764519523,0
1,1.337793512449472,2.171562951534995,1.0597686067278307,0.8946199758578607,1.1375944117851093,0.2770432668119408,-0.13561448640751134,0.40096796222702924,1
1,-1.1201620319552996,-0.049678500614871245,0.7409246696814841,1.6598712936141298,1.1792494374478806,1.607145217852412,0.2295905999338239,-0.13211350630792454,1
1,0.4160601832976827,0.7996197016777248,0.6346433573327019,0.3206814875406587,1.637454719738364,-0.017227076338605984,-0.05287270903330253,2.2667531020993676,1
1,-1.1201620319552996,0.21164402316746597,0.7409246696814841,0.5119943169797261,1.0542843604595666,-0.17024765477689038,0.14114249308553176,-0.7540418862653706,0
1,-1.1201620319552996,0.048317445803505214,-0.21560714145755583,0.5757652601260818,0.6377341038318544,0.2535016393598967,-0.7633107285566809,0.04558031653706006,1
1,-0.5056731458541067,0.08098276127629737,-0.5344510785039025,-0.1894860576301874,0.14620480101115385,-0.27618497831108707,0.7032159462827426,-0.9317357091103552,0
1,0.1088157402470862,0.8976156480961012,0.20951810793757303,0.256910544394303,1.704102760798798,0.32412652171602807,-0.24403474641509512,-0.22096041773041683,0
1,-0.8129175889047032,0.17897870769467383,-0.003044516759991409,0.1931396012479472,0.17952882154137084,-0.9235797332422899,-0.7119537632899308,-0.6651949748428783,0
1,-0.8129175889047032,1.7469138503886972,0.20951810793757303,-1.3373630342645912,-0.7368817430395962,0.5477719825104435,-1.0914246733164743,0.48981487364952153,1
1,-0.8129175889047032,-0.44166228628837706,-0.003044516759991409,0.4482233738333703,0.387803949855227,0.2417308256338755,-0.9373537775162235,-0.9317357091103552,0
1,-0.8129175889047032,-1.1276339112170124,-0.21560714145755583,0.5119943169797261,-0.7368817430395962,-0.6528510175437868,-0.34104234747451234,-0.13211350630792454,0
1,-0.8129175889047032,-0.1476744470332477,-0.003044516759991409,0.5757652601260818,0.06289474968561139,0.2888140805379628,0.1668209757189069,-0.04326659488543223,1
1,-0.8129175889047032,0.8976156480961012,1.2723312314253952,1.2772456347359953,-0.7368817430395962,2.0191236982631775,-0.32107019431522055,-0.48750115199789373,1
1,-1.1201620319552996,0.3749706005314267,-0.21560714145755583,1.2134746915896395,-0.7368817430395962,0.2535016393598967,-0.7832828817159727,-0.9317357091103552,1
1,-0.5056731458541067,-0.5723235481795457,0.8472059820302663,0.9583909190042164,0.2628388728669133,1.5718327766743465,-0.9801512485718487,-0.8428887976878628,1
1,-0.19842870280351027,0.7342890707321404,0.5283620449839197,-0.3807988870692547,-0.7368817430395962,0.02985617856548133,-0.771870222767806,2.710987659211829,0
1,-0.8129175889047032,0.636293124313764,-0.42816976615512026,1.2772456347359953,3.262000720586442,1.006833717825297,0.18679312887819868,-1.0205826205328474,0
1,0.7233046263482792,0.9302809635688933,0.10323679558879081,0.8946199758578607,-0.7368817430395962,0.17110594327774412,0.44643111994899154,1.555977810719429,1
1,-0.8129175889047032,-0.11500913156045556,-0.003044516759991409,0.4482233738333703,-0.7368817430395962,-0.5586845077356122,-0.7604575638196395,-1.0205826205328474,0
1,-0.19842870280351027,1.2569341182968148,-0.32188845380633807,-0.5083407733619663,2.4872172432588973,-0.11139358614678103,-0.5008195727488465,-0.7540418862653706,0
1,-1.1201620319552996,0.6036278088409718,-0.5344510785039025,0.8946199758578607,0.6543961140969629,0.2888140805379628,0.18108679940411532,-1.0205826205328474,1
1,0.7233046263482792,0.14631339222188167,0.10323679558879081,-1.3373630342645912,-0.7368817430395962,-0.5351428802835682,-0.29253854694480375,-0.3098073291529091,1
1,-0.8129175889047032,-0.7356501255435065,-0.10932582910877363,0.0018267718088799073,-0.7368817430395962,-0.5822261351876559,1.7817122168844979,-0.9317357091103552,0
1,-1.1201620319552996,-1.3562911195265575,0.9534872943790486,0.5119943169797261,-0.4036415377374264,0.5595427962364655,-0.10422967430005282,-1.0205826205328474,0
1,2.8740157277024543,-0.44166228628837706,-0.003044516759991409,-1.3373630342645912,-0.7368817430395962,0.2417308256338755,-0.6263588211786804,1.7336716335644136,0
1,1.337793512449472,-0.3436663398700006,0.3157994202863552,1.1497037484432837,0.21285284207158783,-0.49983043910550284,0.4835222615305334,-0.13211350630792454,1
1,-0.5056731458541067,-0.31100102439720845,0.20951810793757303,0.5119943169797261,0.30449389852968456,0.02985617856548133,0.6490058162789507,-0.48750115199789373,0
1,-1.1201620319552996,-0.8663113874346751,-0.5344510785039025,-1.3373630342645912,-0.7368817430395962,0.3712097766201154,-0.5921208443341801,-0.6651949748428783,0
1,0.4160601832976827,0.5382971778953876,0.6346433573327019,-1.3373630342645912,-0.7368817430395962,-3.7838874686656045,0.4835222615305334,3.2440691277467826,0
1,-1.1201620319552996,0.7016237552593483,0.7409246696814841,0.3206814875406587,-0.7368817430395962,0.02985617856548133,-0.10708283903709451,-0.9317357091103552,0
1,0.4160601832976827,1.2569341182968148,-0.003044516759991409,-1.3373630342645912,-0.7368817430395962,-0.27618497831108707,-0.7518980696085144,2.710987659211829,0
1,0.1088157402470862,1.0282769099872697,1.0597686067278307,1.085932805296928,-0.7368817430395962,-0.2879557920371091,-0.5036727374858881,0.31212105080453695,0
1,1.6450379555000685,-0.44166228628837706,-0.9595763278990314,-1.3373630342645912,-0.7368817430395962,-0.11139358614678103,-0.25830057010030355,0.8452025193394908,0
1,-1.1201620319552996,-0.5723235481795457,-0.32188845380633807,1.596100350467774,-0.08706334270036505,0.995062904099275,0.07266653939653137,-1.0205826205328474,0
1,-0.5056731458541067,-0.63765417912513,-0.8532950155502491,0.4482233738333703,0.1378737958785996,0.6654801197706621,0.07837286887061473,-0.7540418862653706,0
1,-0.5056731458541067,1.7795791658614895,0.9534872943790486,1.0221618621505721,0.2628388728669133,1.4541246394141278,0.5006412499527835,-0.7540418862653706,1
1,-0.8129175889047032,-0.7356501255435065,-0.003044516759991409,-0.3807988870692547,-0.7368817430395962,-1.6415993705296241,-0.923087953831015,-1.0205826205328474,0
1,2.8740157277024543,1.2569341182968148,2.335144354913217,-1.3373630342645912,-0.7368817430395962,1.1951667374416464,-0.6092398327564302,1.0228963421844752,1
1,-0.5056731458541067,1.8122444813342815,0.9534872943790486,-1.3373630342645912,-0.7368817430395962,-1.0883711254065964,-0.4123714659005543,-0.9317357091103552,0
1,0.7233046263482792,-0.4743276017611692,0.5283620449839197,0.4482233738333703,-0.7368817430395962,0.04162699229150337,1.1625754689464534,-0.576348063420386,0
1,0.7233046263482792,2.4655507907901244,-0.003044516759991409,-1.3373630342645912,-0.7368817430395962,-0.14670602732484672,-0.4066651364264709,-0.13211350630792454,1
1,-0.8129175889047032,-0.40899697081558495,-0.10932582910877363,-0.12571511448383163,-0.7368817430395962,-0.6646218312698089,-0.8717309885642648,-0.7540418862653706,0
1,-1.1201620319552996,-0.5069929172339613,-0.32188845380633807,0.12936865810159145,0.22951485233669633,-0.5116012528315245,-0.047166379559219165,-0.8428887976878628,0
1,-0.5056731458541067,-1.682944274254479,-0.003044516759991409,0.7033071464187933,-0.187035404291016,-0.8411840371601369,-0.8089613643493478,-0.6651949748428783,0
1,-0.8129175889047032,-0.40899697081558495,0.10323679558879081,0.5757652601260818,-0.053739322170148054,-0.15847684105086834,0.9999450789350773,-0.7540418862653706,0
1,-1.1201620319552996,-0.5069929172339613,-0.32188845380633807,1.0221618621505721,-0.20369741455612447,0.17110594327774412,0.11261084571511493,-0.9317357091103552,1
1,-0.19842870280351027,-0.63765417912513,-0.10932582910877363,0.12936865810159145,-0.0620703273027023,-0.0643103312426933,1.3651501652764124,-0.39865424057540144,0
1,-0.5056731458541067,-0.9969726493258437,1.0597686067278307,0.5757652601260818,-0.7368817430395962,0.15933512955172208,-0.5093790669599715,0.8452025193394908,0
1,-0.5056731458541067,0.08098276127629737,0.3157994202863552,0.3844524306870145,0.929319283471253,0.4418346589762468,0.03557539781498949,-0.576348063420386,0
1,0.1088157402470862,-0.9316420183802594,-0.003044516759991409,0.7033071464187933,-0.003753291374822577,0.11225187464763475,-0.06999169745555263,-0.9317357091103552,0
1,1.6450379555000685,0.832285017150517,0.5283620449839197,1.596100350467774,0.34614892419245574,0.6772509334966842,0.47496276731940834,0.6675086964945062,1
1,-0.5056731458541067,1.2242688028240227,0.20951810793757303,0.8946199758578607,2.928760515284272,0.8538131393870123,-0.960179095412557,-0.22096041773041683,0
1,0.4160601832976827,0.08098276127629737,0.8472059820302663,-1.3373630342645912,-0.7368817430395962,0.3005848942639849,-0.5150853964340548,0.04558031653706006,0
1,-0.5056731458541067,0.7016237552593483,-0.6407323908526847,0.8308490327115049,0.32948691392734725,-0.7941007822560496,0.6518589810159924,-0.7540418862653706,0
1,-0.19842870280351027,-0.5396582327067535,0.10323679558879081,0.5757652601260818,0.5294310371086491,-0.5351428802835682,0.7403070878642846,-0.48750115199789373,0
1,-0.5056731458541067,0.30963996958584245,0.20951810793757303,0.3206814875406587,0.9709743091340243,0.12402268837365679,0.34371718941549095,-0.6651949748428783,0
1,1.337793512449472,0.21164402316746597,0.20951810793757303,1.085932805296928,-0.11205635809802778,-0.7352467136259403,-0.8802904827753898,0.5786617850720138,0
1,0.1088157402470862,-0.8336460719618829,-0.26874779763194695,0.06559771495523567,-0.7368817430395962,-0.8764964783382027,-0.9202347890939734,-1.0205826205328474,0
1,-0.5056731458541067,0.7996197016777248,-0.6407323908526847,0.7670780895651491,0.387803949855227,-0.0643103312426933,-0.138467651144553,-0.6651949748428783,1
1,-0.8129175889047032,-0.0823438160876634,0.9534872943790486,0.1931396012479472,0.47111400118076946,0.2770432668119408,-0.19267778114834483,0.6675086964945062,1
1,-0.5056731458541067,-0.6703194945979222,-0.5344510785039025,-0.2532570007765432,0.5960790781690831,0.5242303550584002,-0.05001954429626085,-1.0205826205328474,0
1,-0.5056731458541067,-0.8009807564890907,-0.8532950155502491,-0.4445698302156105,-0.003753291374822577,-0.7117050861738962,0.7916640531310348,-0.9317357091103552,0
1,1.6450379555000685,-0.9969726493258437,-0.42816976615512026,-1.3373630342645912,-0.7368817430395962,-1.1354543803106838,-0.9373537775162235,0.04558031653706006,0
1,1.952282398550665,1.3875953801879835,0.7409246696814841,-1.3373630342645912,-0.7368817430395962,-0.5233720665575465,-0.8232271880345563,1.9113654564093983,0
1,-0.8129175889047032,-0.3436663398700006,-0.6407323908526847,-0.1894860576301874,0.22951485233669633,-0.42920555674937144,-0.7176600927640142,-0.9317357091103552,0
1,0.7233046263482792,0.4729665469498032,-0.003044516759991409,0.12936865810159145,0.34614892419245574,0.38298059034613746,0.20391211730044878,-0.3098073291529091,1
1,-1.1201620319552996,0.832285017150517,-3.722890448967369,-1.3373630342645912,-0.7368817430395962,1.4188121982360626,0.45499061416011655,-0.13211350630792454,1
1,-0.5056731458541067,-1.0296379647986358,0.20951810793757303,-0.12571511448383163,-0.29533847101422117,-0.3703514881192621,-0.6891284453935973,-0.9317357091103552,0
1,0.4160601832976827,-1.0296379647986358,-0.21560714145755583,0.0018267718088799073,-0.5452686249908486,-0.9118089195162683,-0.36672083010788736,-0.22096041773041683,0
1,-1.1201620319552996,-0.6703194945979222,-3.722890448967369,-1.3373630342645912,-0.7368817430395962,-0.8411840371601369,-0.620652491704597,-0.9317357091103552,0
1,0.1088157402470862,0.864950332623309,0.7940653258558752,0.3844524306870145,0.09621877021582838,-0.3821223018452841,-0.8032550348752645,-0.48750115199789373,0
1,-0.8129175889047032,-0.5723235481795457,0.20951810793757303,-1.3373630342645912,-0.7368817430395962,0.8655839531130343,-0.5065259022229298,0.8452025193394908,1
1,-1.1201620319552996,0.6689584397865561,-0.26874779763194695,0.3206814875406587,0.34614892419245574,1.2304791786197125,-0.11278916851117787,-0.7540418862653706,1
1,-0.5056731458541067,-0.27833570892441634,-0.5344510785039025,-1.3373630342645912,-0.7368817430395962,-0.6999342724478745,-0.36386766537084564,-0.8428887976878628,0
1,-0.19842870280351027,2.3348895288989557,-0.10932582910877363,-0.3807988870692547,0.34614892419245574,-0.14670602732484672,-0.4894069138006797,0.13442722795955236,0
1,0.7233046263482792,-0.8989767029074672,-0.42816976615512026,0.7033071464187933,0.3128249036622388,-0.017227076338605984,-1.0999841675275992,1.20059016502946,0
1,-0.5056731458541067,-0.6703194945979222,-0.003044516759991409,-0.3170279439228989,-0.3703175172072094,-1.382641468557143,-0.6720094569713473,-0.48750115199789373,0
1,0.4160601832976827,-1.5196176968905182,-0.5344510785039025,-1.3373630342645912,-0.7368817430395962,-0.6293093900917431,-0.5778550206489718,-0.48750115199789373,0
1,-0.8129175889047032,-0.9643073338530516,-0.42816976615512026,-0.1894860576301874,-0.2453524402188957,-0.8294132234341149,2.2753097163927087,-0.6651949748428783,0
1,1.952282398550665,1.3549300647151914,-0.10932582910877363,0.12936865810159145,0.36281093445756424,-0.7823299685300276,-0.4123714659005543,1.2894370764519523,1
1,-0.8129175889047032,0.6036278088409718,0.6346433573327019,-1.3373630342645912,-0.7368817430395962,0.9362088354691657,-0.6691562922343056,-0.39865424057540144,0
1,-0.5056731458541067,0.24430933864025814,-0.6407323908526847,0.1931396012479472,1.5541446684128215,-0.5233720665575465,3.222560409090547,-0.6651949748428783,0
1,0.1088157402470862,-0.11500913156045556,0.10323679558879081,-0.572111716508322,-0.012084296507376822,-1.182537635214771,-0.021487896925844015,0.40096796222702924,0
1,-0.19842870280351027,0.01565213033071306,-0.003044516759991409,0.5757652601260818,0.387803949855227,1.2657916197977777,-0.05287270903330253,-0.22096041773041683,0
1,0.4160601832976827,-0.24567039345162417,-0.21560714145755583,-1.3373630342645912,-0.7368817430395962,0.6654801197706621,-0.5978271738082636,0.7563556079169984,1
1,1.952282398550665,-1.4542870659449338,0.6346433573327019,-1.3373630342645912,-0.7368817430395962,0.135793502099678,-0.5921208443341801,0.48981487364952153,0
1,1.6450379555000685,1.6815832194431128,2.122581730215653,0.1931396012479472,1.262559488773423,1.5600619629483246,0.7146286052309094,1.9113654564093983,1
1,-1.1201620319552996,0.7016237552593483,-3.722890448967369,-1.3373630342645912,-0.7368817430395962,1.2069375511676683,-0.7576043990825978,-0.3098073291529091,1
1,-1.1201620319552996,0.864950332623309,0.6346433573327019,-1.3373630342645912,-0.7368817430395962,0.983292090373253,3.7389832264950904,1.0228963421844752,0
1,1.0305490693988757,2.2042282670077875,-1.0658576402478135,0.7670780895651491,2.5288722689216683,0.2064183844558094,1.014210902620286,0.13442722795955236,1
1,-0.8129175889047032,-0.63765417912513,0.10323679558879081,-0.572111716508322,-0.15371138376079901,-0.8058715959820713,0.5348792267972837,-0.39865424057540144,0
1,0.4160601832976827,0.14631339222188167,0.20951810793757303,-1.3373630342645912,-0.7368817430395962,0.21818919818183144,-0.7148069280269725,0.48981487364952153,1
1,-0.19842870280351027,0.21164402316746597,0.9534872943790486,1.2772456347359953,1.2209044631106518,0.8420423256609902,0.6661248047012008,-0.48750115199789373,0
1,0.4160601832976827,-0.11500913156045556,0.20951810793757303,0.5119943169797261,-0.7368817430395962,0.018085364839459293,0.5405855562713671,0.22327413938204466,1
1,-0.19842870280351027,-0.6703194945979222,-0.8532950155502491,-0.12571511448383163,-0.02041530163993107,-0.7705591548040055,-0.9031158006717233,-0.7540418862653706,0
1,-1.1201620319552996,-0.5723235481795457,0.8472059820302663,-0.2532570007765432,0.1378737958785996,-0.3350390469411964,0.6404463220678256,-0.48750115199789373,0
1,-0.8129175889047032,1.093607540932854,0.6346433573327019,1.341016577882351,3.303655746249213,0.995062904099275,0.6176210041714925,-0.8428887976878628,0
1,2.2595268416012613,-0.5396582327067535,-0.10932582910877363,1.2134746915896395,-0.7368817430395962,1.6542284727565,-0.9830044133088904,0.8452025193394908,0
1,0.1088157402470862,0.5382971778953876,-0.003044516759991409,-1.3373630342645912,-0.7368817430395962,-0.11139358614678103,2.029937549007124,-0.9317357091103552,1
1,0.4160601832976827,-1.1276339112170124,0.20951810793757303,0.06559771495523567,-0.7368817430395962,-0.3703514881192621,2.149770467962875,-0.04326659488543223,1
1,0.7233046263482792,0.8976156480961012,0.5283620449839197,-1.3373630342645912,-0.7368817430395962,-0.31149741948915277,-0.834639846982723,1.555977810719429,1
1,0.1088157402470862,2.106232320589411,0.42208073263513746,1.1497037484432837,1.57080667867793,0.5713136099624876,-0.5892676795971384,-0.13211350630792454,1
1,-0.5056731458541067,0.864950332623309,-3.722890448967369,-1.3373630342645912,-0.7368817430395962,-0.5469136940095901,-0.6577436332861388,-0.39865424057540144,1
1,0.1088157402470862,-0.18033976250603986,-0.26874779763194695,-1.3373630342645912,-0.7368817430395962,-1.206079262666815,-0.10993600377413619,0.40096796222702924,0
1,-0.5056731458541067,-0.63765417912513,-0.32188845380633807,0.12936865810159145,-0.7368817430395962,-0.2879557920371091,-0.29253854694480375,-1.0205826205328474,0
1,0.4160601832976827,0.048317445803505214,0.10323679558879081,0.12936865810159145,0.19619083180647934,-0.6999342724478745,-0.6434778096009305,-0.22096041773041683,0
1,-1.1201620319552996,1.8775751122798658,-0.5344510785039025,0.5119943169797261,3.2453387103213336,0.2888140805379628,1.7160894279325394,-1.0205826205328474,1
1,1.0305490693988757,1.9429057432254502,1.3254718875997864,0.6395362032724375,-0.7368817430395962,0.2417308256338755,-0.8745841533013065,2.444446924944352,0
1,-0.8129175889047032,-0.9643073338530516,-0.42816976615512026,-0.572111716508322,-0.37864852233976365,-0.5822261351876559,0.3123323773080324,-0.7540418862653706,0
1,-1.1201620319552996,-0.5069929172339613,0.3157994202863552,-1.3373630342645912,-0.7368817430395962,-1.6180577430775807,0.31803870678211577,-0.48750115199789373,0
1,-0.8129175889047032,-0.01701318514207909,0.8472059820302663,1.1497037484432837,1.095939386122338,1.5836035904003687,0.9628539373535359,-0.3098073291529091,1
1,1.0305490693988757,-0.5723235481795457,0.20951810793757303,1.2134746915896395,0.1378737958785996,0.5948552374145316,-0.7604575638196395,1.1117432536069676,0
1,-0.19842870280351027,-0.44166228628837706,0.10323679558879081,-1.3373630342645912,-0.7368817430395962,-0.7470175273519619,-0.7518980696085144,-0.48750115199789373,0
1,-0.8129175889047032,-0.63765417912513,-0.21560714145755583,0.5119943169797261,0.895995262941036,-0.017227076338605984,-0.075698026929636,0.8452025193394908,0
1,0.1088157402470862,2.530881421735709,-0.003044516759991409,1.1497037484432837,5.461386075580762,0.5360011687844223,5.302517502393932,-0.13211350630792454,0
1,0.1088157402470862,0.30963996958584245,0.8472059820302663,-0.06194417133747586,1.5124896427500503,0.34766814916807215,-0.683422115919514,-0.8428887976878628,0
1,0.1088157402470862,-0.6703194945979222,0.3157994202863552,-0.3807988870692547,-0.31200048127932967,-1.0530586842285308,-0.7062474338158474,-1.0205826205328474,0
1,-0.8129175889047032,-0.5396582327067535,0.5283620449839197,-0.6358826596546777,-0.053739322170148054,-1.5003496058173618,0.05840071571132295,-0.9317357091103552,0
1,-0.19842870280351027,0.17897870769467383,-0.6407323908526847,-1.3373630342645912,-0.7368817430395962,-0.0643103312426933,-0.9116752948828483,-0.7540418862653706,0
1,-0.5056731458541067,-0.24567039345162417,0.26265876411196415,0.7033071464187933,-0.7368817430395962,0.41829303152420355,-0.9202347890939734,-1.0205826205328474,0
1,-0.8129175889047032,-0.8009807564890907,-0.5344510785039025,-0.1894860576301874,-0.25368344535145,-0.9706629881463776,-0.6006803385453052,-0.9317357091103552,0
1,1.337793512449472,0.01565213033071306,0.42208073263513746,-1.3373630342645912,-0.7368817430395962,-0.8411840371601369,-0.1755587927260949,2.7998345706343213,0
1,-0.8129175889047032,-0.18033976250603986,-0.21560714145755583,0.9583909190042164,0.929319283471253,0.7007925609487283,-0.5179385611710965,-1.0205826205328474,0
1,1.952282398550665,-0.1476744470332477,1.4848938561229597,-1.3373630342645912,-0.7368817430395962,-0.9588921744203557,1.5734311910804553,0.13442722795955236,0
